0 0.121875 0.34921875 0.02109375 0.02109375
0 0.1953125 0.35078125 0.01484375 0.01796875
0 0.2671875 0.34765625 0.0203125 0.02421875
0 0.34375 0.34765625 0.0171875 0.021875
0 0.34921875 0.3484375 0.06171875 0.04609375
0 0.41484375 0.3515625 0.03515625 0.0296875
0 0.49921875 0.34921875 0.0125 0.03359375
0 0.565625 0.34921875 0.03515625 0.03203125
0 0.640625 0.3515625 0.03046875 0.0328125
0 0.7328125 0.34765625 0.05625 0.0421875
0 0.8125 0.3546875 0.0421875 0.02265625
0 0.68203125 0.29140625 0.03828125 0.0171875
0 0.67265625 0.27578125 0.0125 0.01484375
0 0.121875 0.44609375 0.02578125 0.0359375
0 0.078125 0.45625 0.01015625 0.0265625
0 0.1921875 0.4453125 0.03125 0.03125
0 0.2703125 0.44375 0.0234375 0.040625
0 0.3453125 0.44765625 0.028125 0.03125
0 0.41328125 0.4484375 0.02578125 0.0296875
0 0.50078125 0.453125 0.01953125 0.03515625
0 0.571875 0.4453125 0.0203125 0.02578125
0 0.6453125 0.446875 0.02890625 0.0296875
0 0.725 0.4453125 0.021875 0.0359375
0 0.7953125 0.44453125 0.03203125 0.0296875
0 0.8328125 0.36953125 0.02109375 0.015625
0 0.79453125 0.5609375 0.040625 0.03203125
0 0.8421875 0.45390625 0.00703125 0.03359375
0 0.7265625 0.55859375 0.028125 0.03046875
0 0.803125 0.39921875 0.028125 0.025
0 0.72734375 0.396875 0.02421875 0.01875
0 0.64609375 0.56328125 0.01953125 0.02265625
0 0.57265625 0.56015625 0.03203125 0.028125
0 0.6609375 0.6140625 0.01328125 0.0203125
0 0.5 0.56171875 0.02265625 0.03984375
0 0.4171875 0.559375 0.0296875 0.01484375
0 0.3453125 0.55859375 0.0265625 0.0171875
0 0.26953125 0.5640625 0.02734375 0.03125
0 0.19453125 0.56015625 0.02265625 0.0203125
0 0.1234375 0.5640625 0.02109375 0.02734375
0 0.55703125 0.628125 0.028125 0.01953125
0 0.6375 0.7015625 0.015625 0.01875
0 0.61875 0.653125 0.01171875 0.0125
0 0.64296875 0.63671875 0.0046875 0.01484375
0 0.64375 0.6359375 0.00703125 0.00859375
0 0.68046875 0.6390625 0.0109375 0.01640625
0 0.64140625 0.66875 0.01171875 0.01484375
0 0.68828125 0.69609375 0.0109375 0.015625
0 0.66015625 0.72265625 0.0109375 0.0125
0 0.71015625 0.65390625 0.0125 0.0140625
0 0.7125 0.69921875 0.01328125 0.02265625
0 0.82578125 0.62890625 0.01015625 0.015625
0 0.08828125 0.3828125 0.01328125 0.01328125