0 0.13359375 0.68671875 0.02421875 0.034375
0 0.17109375 0.6796875 0.0171875 0.03125
0 0.134375 0.83515625 0.01875 0.0328125
0 0.175 0.83359375 0.0265625 0.03046875
0 0.115625 0.8609375 0.01875 0.01796875
0 0.09453125 0.8546875 0.009375 0.02578125
0 0.228125 0.88203125 0.0140625 0.01796875
0 0.2109375 0.83046875 0.01953125 0.02734375
0 0.2078125 0.6828125 0.0234375 0.0296875
0 0.2078125 0.6203125 0.021875 0.05859375
0 0.25234375 0.68359375 0.028125 0.0234375
0 0.24921875 0.840625 0.02265625 0.05390625
0 0.28203125 0.82734375 0.01953125 0.02421875
0 0.28671875 0.6796875 0.01953125 0.02109375
0 0.3234375 0.6796875 0.01875 0.03203125
0 0.3359375 0.6296875 0.0203125 0.034375
0 0.3375 0.846875 0.0171875 0.021875