0 0.07421875 0.4671875 0.0171875 0.02578125
0 0.075 0.39375 0.01796875 0.02421875
0 0.13828125 0.3 0.03125 0.03125
0 0.3515625 0.5265625 0.025 0.01875
0 0.35078125 0.59609375 0.02265625 0.0265625
0 0.30546875 0.51328125 0.053125 0.046875
0 0.39765625 0.621875 0.0203125 0.01875
0 0.39609375 0.6390625 0.0265625 0.02421875
0 0.6859375 0.6109375 0.0171875 0.0234375
0 0.71953125 0.61640625 0.021875 0.03046875
0 0.74296875 0.62109375 0.0171875 0.021875
0 0.746875 0.6125 0.015625 0.02734375
0 0.73828125 0.6390625 0.0265625 0.01171875
0 0.7828125 0.60859375 0.01640625 0.0296875
0 0.81484375 0.60390625 0.0203125 0.01484375
0 0.81015625 0.5796875 0.01875 0.01953125
0 0.84375 0.5828125 0.0203125 0.02578125
0 0.753125 0.5484375 0.021875 0.02734375
0 0.8015625 0.52109375 0.0109375 0.02109375
0 0.84453125 0.52265625 0.015625 0.0265625
0 0.853125 0.52421875 0.01484375 0.02734375
0 0.84921875 0.4859375 0.0234375 0.01796875
0 0.821875 0.4828125 0.01484375 0.01640625
0 0.778125 0.48359375 0.028125 0.01953125
0 0.86796875 0.52578125 0.0140625 0.015625
0 0.74609375 0.44296875 0.0140625 0.0296875
0 0.79140625 0.39765625 0.0203125 0.0515625
0 0.82734375 0.4015625 0.0265625 0.06484375
0 0.746875 0.34296875 0.00625 0.021875
0 0.79453125 0.34140625 0.015625 0.01875
0 0.8484375 0.3390625 0.015625 0.02421875
0 0.84765625 0.2875 0.01171875 0.01953125
0 0.825 0.2890625 0.01796875 0.021875
0 0.71328125 0.36484375 0.03359375 0.0390625
0 0.7109375 0.425 0.028125 0.04296875
0 0.703125 0.496875 0.0328125 0.03359375
0 0.703125 0.53984375 0.03046875 0.04296875
0 0.6421875 0.48984375 0.04296875 0.03515625
0 0.64453125 0.425 0.03671875 0.046875
0 0.64375 0.3578125 0.03984375 0.0375
0 0.5765625 0.3546875 0.04609375 0.04296875
0 0.5765625 0.42578125 0.03984375 0.02890625
0 0.5046875 0.4234375 0.03203125 0.028125
0 0.50625 0.3578125 0.03828125 0.0265625
0 0.446875 0.36328125 0.059375 0.03046875
0 0.39921875 0.290625 0.02421875 0.02265625
0 0.43125 0.4203125 0.03984375 0.05234375